-6.314358115196228027e-02
1.000535190105438232e-01
1.085889339447021484e-01
6.739372014999389648e-02
-1.432997286319732666e-01
-1.035748943686485291e-01
-2.638409100472927094e-02
-1.210522744804620743e-02
3.469863533973693848e-02
2.943394891917705536e-02
1.794739365577697754e-01
1.043582037091255188e-01
-2.448586281388998032e-03
-4.467793181538581848e-02
-4.472060501575469971e-02
-2.630847319960594177e-02
-8.776778355240821838e-03
1.459940988570451736e-02
-5.514490976929664612e-02
-2.922135777771472931e-02
2.216122671961784363e-02
7.964088767766952515e-02
6.943003088235855103e-02
2.205547876656055450e-02
-1.150969415903091431e-01
9.760071523487567902e-03
7.025612890720367432e-02
4.159543290734291077e-02
1.175348460674285889e-01
1.207833290100097656e-01
3.357334062457084656e-02
1.495501697063446045e-01
-1.070058904588222504e-03
8.717619627714157104e-02
5.953449755907058716e-02
-1.131203547120094299e-01
1.181770414113998413e-01
4.682855308055877686e-02
8.285521715879440308e-02
-4.286944121122360229e-02
-6.833192892372608185e-04
1.991084404289722443e-02
9.959984570741653442e-02
1.471375524997711182e-01
-9.422127902507781982e-02
-6.342863664031028748e-03
1.091552805155515671e-02
6.648107618093490601e-02
-2.852289751172065735e-02
-2.000046148896217346e-02
6.221835687756538391e-02
4.589224606752395630e-02
-1.681936159729957581e-02
-4.179322719573974609e-02
-5.110749229788780212e-02
7.229488343000411987e-02
3.726818040013313293e-02
1.099508926272392273e-01
-1.047332882881164551e-01
-2.479971200227737427e-02
1.011406630277633667e-01
-3.336780890822410583e-02
-1.520382892340421677e-02
-3.202499449253082275e-02
-2.871169522404670715e-02
1.140171363949775696e-01
5.583690851926803589e-02
-4.842373728752136230e-02
2.054728940129280090e-02
-1.307479739189147949e-01
1.200607232749462128e-02
-2.747727558016777039e-03
5.472045857459306717e-03
-5.389020219445228577e-02
-1.217232272028923035e-02
4.548555985093116760e-02
-7.240899652242660522e-02
-5.309376865625381470e-02
-2.710672654211521149e-02
1.728617586195468903e-02
1.916504092514514923e-02
1.110701411962509155e-01
1.203695125877857208e-02
8.010127581655979156e-03
7.083560340106487274e-03
-1.004332527518272400e-01
8.899106085300445557e-02
1.863876357674598694e-03
9.069928526878356934e-02
9.744424372911453247e-03
-4.437237232923507690e-02
8.709921687841415405e-02
4.311668872833251953e-02
1.499147154390811920e-03
-2.969551272690296173e-02
3.598274290561676025e-02
9.538926929235458374e-02
-1.892978791147470474e-03
-9.719172120094299316e-02
-9.536471217870712280e-02
-1.449344493448734283e-02
6.608328968286514282e-02
4.563643597066402435e-04
1.337818708270788193e-02
4.231039807200431824e-02
1.244662981480360031e-02
-8.479496464133262634e-03
-1.855670288205146790e-02
2.784995362162590027e-02
2.123403735458850861e-02
1.541085094213485718e-01
-1.346570998430252075e-01
1.334329098463058472e-01
1.296478062868118286e-01
5.012791231274604797e-02
5.423310771584510803e-02
-5.400992184877395630e-02
1.403852738440036774e-02
9.082308411598205566e-02
2.061132155358791351e-02
-4.621461033821105957e-02
-5.981124192476272583e-02
-6.309919524937868118e-03
-1.684139855206012726e-02
-5.491537973284721375e-02
4.445237666368484497e-02
-1.074107363820075989e-02
-1.970135048031806946e-02
-1.033583655953407288e-02
-4.725044965744018555e-02
-1.026925891637802124e-01
-1.022626683115959167e-01
-7.833337783813476562e-02
4.498788714408874512e-02
3.664459288120269775e-02
-6.120865792036056519e-02
6.948037445545196533e-02
4.976704716682434082e-02
1.097465232014656067e-01
1.749693229794502258e-02
-6.002780422568321228e-02
3.924727439880371094e-02
-1.024015918374061584e-01
-3.481769561767578125e-02
-1.402274705469608307e-02
-1.175764203071594238e-01
-1.668144166469573975e-01
-2.891163900494575500e-02
2.483502030372619629e-02
-1.684622466564178467e-02
-3.714057058095932007e-02
-5.978728830814361572e-02
-4.071051627397537231e-02
1.307540386915206909e-01
-2.008848823606967926e-03
-7.857404649257659912e-02
2.794001810252666473e-02
3.584348037838935852e-02
7.076018303632736206e-02
-9.185925871133804321e-02
8.549507707357406616e-02
3.980259224772453308e-02
-7.403367757797241211e-02
-3.034909628331661224e-02
-8.712782710790634155e-02
-8.048874139785766602e-02
-5.963471159338951111e-02
1.882762089371681213e-02
1.865312457084655762e-01
-2.075088955461978912e-02
1.259419471025466919e-01
-7.696661632508039474e-03
2.423673868179321289e-05
1.181422770023345947e-01
9.154487401247024536e-02
-8.459060639142990112e-02
5.851319059729576111e-02
1.605567038059234619e-01
-5.845282226800918579e-02
3.691330179572105408e-02
-4.202932119369506836e-02
-5.681619048118591309e-03
-1.724265366792678833e-01
-7.177743315696716309e-02
-8.072509616613388062e-02
7.028265297412872314e-02
-7.336762547492980957e-02
-5.648673512041568756e-03
-1.325171440839767456e-02
-3.914584219455718994e-02
8.333583921194076538e-02
9.592579305171966553e-02
-7.602265477180480957e-02
-3.673042356967926025e-02
1.501132547855377197e-01
2.100811526179313660e-02
6.717889755964279175e-02
-8.478448726236820221e-03
1.274608075618743896e-01
3.616162016987800598e-02
6.439489126205444336e-02
5.553356558084487915e-02
-2.032421156764030457e-02
5.339457839727401733e-02
1.011442579329013824e-02
-2.619446022436022758e-03
-3.910862654447555542e-02
-1.281508505344390869e-01
1.725494302809238434e-02
6.784879416227340698e-02
-9.185375273227691650e-02
-4.868422448635101318e-02
2.935859374701976776e-03
-1.325203329324722290e-01
-3.985401242971420288e-02
6.152597256004810333e-03
1.316197663545608521e-01
3.924256190657615662e-02
3.533169627189636230e-02
6.058225408196449280e-02
1.749268919229507446e-01
1.271502580493688583e-02
7.537844777107238770e-02
-1.436856761574745178e-02
4.079808294773101807e-02
8.058477938175201416e-02
-1.739836670458316803e-02
-1.005454105325043201e-03
6.624742597341537476e-02
2.054339796304702759e-01
-8.500675857067108154e-02
3.537498041987419128e-02
3.869192302227020264e-02
3.388649225234985352e-02
-3.344897925853729248e-02
-2.095075510442256927e-02
5.981057509779930115e-02
2.081603743135929108e-02
1.383654773235321045e-01
-4.377092421054840088e-02
4.599679261445999146e-03
5.080225318670272827e-02
-7.525308430194854736e-02
-9.859162569046020508e-02
7.311393320560455322e-02
-3.930670022964477539e-02
-2.845443598926067352e-02
-6.027368083596229553e-02
1.123155280947685242e-01
1.720689237117767334e-02
-1.467359438538551331e-02
5.640015006065368652e-02
-7.265136390924453735e-02
9.431726485490798950e-02
-4.760016500949859619e-02
2.380584552884101868e-02
-1.884346157312393188e-01
4.867140203714370728e-02
-1.567811518907546997e-01
1.786420866847038269e-02
1.097660064697265625e-01
-2.431636676192283630e-02
-3.239961341023445129e-02
-5.377599596977233887e-02
6.123471260070800781e-02
2.132201194763183594e-02
6.174242123961448669e-02
2.498917747288942337e-03
2.662409096956253052e-02
-3.616036102175712585e-02
-6.900372449308633804e-03
-1.683538034558296204e-02
-5.325395613908767700e-02
-2.988406270742416382e-02
-1.033743321895599365e-01
-4.265695810317993164e-02
-5.329620838165283203e-02
6.359465420246124268e-03
-2.051404118537902832e-02
1.041177958250045776e-01
1.965773850679397583e-02
7.809235155582427979e-02
-7.791486382484436035e-02
3.981883078813552856e-02
2.075640857219696045e-02
1.881024241447448730e-02
9.004910290241241455e-02
8.027666807174682617e-02
5.211019143462181091e-02
-4.982117190957069397e-02
5.610606819391250610e-02
-7.096560299396514893e-02
-1.119809970259666443e-01
2.003381028771400452e-02
-8.090515434741973877e-02
-9.563343971967697144e-02
-5.464338511228561401e-02
1.546975672245025635e-01
3.555062785744667053e-02
7.068449258804321289e-02
