-2.425180003046989441e-02
-1.462616026401519775e-01
1.128794550895690918e-01
8.312940597534179688e-02
-1.374727487564086914e-01
-1.050451323390007019e-01
1.603541225194931030e-01
-1.137646567076444626e-02
1.050574183464050293e-01
8.088314533233642578e-02
-7.367160171270370483e-02
3.876938298344612122e-02
-1.354463677853345871e-02
-4.543339461088180542e-02
9.933117032051086426e-02
-9.597140364348888397e-03
-4.484228789806365967e-03
-5.790221691131591797e-02
-1.253444403409957886e-01
-3.263840824365615845e-02
2.060793489217758179e-01
1.033165156841278076e-01
8.052127808332443237e-02
1.842199079692363739e-02
5.812508985400199890e-02
-1.714901030063629150e-01
8.118567988276481628e-03
-9.479551762342453003e-02
1.428756713867187500e-01
9.264303743839263916e-02
-5.567675083875656128e-02
8.621029555797576904e-02
-1.912995986640453339e-02
1.538896560668945312e-01
9.885855019092559814e-02
-1.042449325323104858e-01
-1.578023098409175873e-02
3.609687834978103638e-02
1.335553824901580811e-01
-1.116792410612106323e-01
-2.965224534273147583e-02
6.572772562503814697e-02
1.170141100883483887e-01
1.830737292766571045e-01
-4.265043139457702637e-02
1.066161394119262695e-01
-5.429735407233238220e-02
-1.003305837512016296e-01
-1.463246345520019531e-02
3.233936429023742676e-02
-1.010482907295227051e-01
-1.678645424544811249e-02
3.667864203453063965e-02
-1.535922139883041382e-01
1.267201360315084457e-02
1.796143651008605957e-01
1.899130791425704956e-01
7.553890347480773926e-02
-1.318735778331756592e-01
3.479603677988052368e-02
9.376183152198791504e-02
1.212270837277173996e-02
1.032915115356445312e-01
-7.870971411466598511e-02
3.180507570505142212e-02
7.127493619918823242e-02
-7.585182785987854004e-02
7.606939226388931274e-02
3.387357294559478760e-02
-8.423179388046264648e-02
-3.140849992632865906e-02
1.208541318774223328e-01
1.817799359560012817e-02
7.826432585716247559e-02
-1.362817287445068359e-01
8.787538856267929077e-02
-1.069761514663696289e-01
3.771551698446273804e-02
1.492432085797190666e-03
-1.290808618068695068e-01
-2.801929414272308350e-02
9.628104418516159058e-02
-1.535889506340026855e-01
-6.326836347579956055e-02
1.417737733572721481e-02
-1.667386293411254883e-01
2.513236403465270996e-01
1.534687131643295288e-01
2.074963897466659546e-01
4.780426621437072754e-02
-1.356611847877502441e-01
3.725893795490264893e-03
1.529355347156524658e-01
-3.419187664985656738e-02
-1.006877049803733826e-01
3.840939700603485107e-02
-3.549365699291229248e-02
9.613722562789916992e-02
-7.209922373294830322e-02
-7.478078454732894897e-02
-8.680267632007598877e-02
-5.566281825304031372e-02
-3.114902600646018982e-02
5.830867215991020203e-02
1.826461590826511383e-02
2.422313019633293152e-02
-5.091322213411331177e-02
2.093573808670043945e-01
3.295093029737472534e-02
1.003640890121459961e-01
-5.253945942968130112e-03
-3.793507069349288940e-02
4.439294338226318359e-02
1.401214301586151123e-01
2.215214073657989502e-03
1.485335230827331543e-01
4.888665676116943359e-02
-3.341429680585861206e-02
9.371291846036911011e-02
1.561190336942672729e-01
-1.437697559595108032e-01
-6.338489055633544922e-02
-1.841699182987213135e-01
-1.252092272043228149e-01
-1.228427216410636902e-01
-3.992557898163795471e-02
-5.205085873603820801e-02
-9.641420841217041016e-02
-1.768149435520172119e-03
8.193052560091018677e-02
-3.253230452537536621e-02
-8.298054337501525879e-03
1.351516991853713989e-01
1.126293987035751343e-01
2.364385128021240234e-02
-1.099681779742240906e-01
5.469715595245361328e-02
-8.774690330028533936e-02
5.412906408309936523e-02
-9.309414029121398926e-02
-7.305073738098144531e-02
1.269146800041198730e-03
-7.043692469596862793e-02
-5.896493420004844666e-02
-9.047453105449676514e-02
2.358025759458541870e-01
-1.899147927761077881e-01
3.316755220293998718e-02
1.093416661024093628e-01
-5.286573991179466248e-02
-7.216747850179672241e-02
-7.751158624887466431e-02
-3.469347953796386719e-02
1.190050467848777771e-01
3.554021939635276794e-03
6.173547357320785522e-02
-2.525604888796806335e-02
-1.054470762610435486e-01
-8.572214841842651367e-02
-1.326110959053039551e-01
1.272487640380859375e-01
1.596654355525970459e-01
-2.605867981910705566e-01
-1.274693459272384644e-01
3.530242945998907089e-03
-9.809602797031402588e-02
5.312257260084152222e-02
-1.287714838981628418e-01
1.207104511559009552e-02
-9.246726334095001221e-02
-4.570608492940664291e-03
1.012195181101560593e-02
1.510919630527496338e-02
2.698646187782287598e-01
1.037351787090301514e-01
-8.197189867496490479e-02
1.977516412734985352e-01
1.923793852329254150e-01
7.691647112369537354e-02
-1.073018461465835571e-01
1.264985185116529465e-02
4.246290773153305054e-02
-8.181621879339218140e-02
-5.930780619382858276e-02
-8.476578444242477417e-02
1.361437048763036728e-02
-7.043609768152236938e-02
1.734685003757476807e-01
-6.294015049934387207e-02
-3.062406927347183228e-02
-7.486420869827270508e-02
1.796886324882507324e-01
-8.952423185110092163e-02
-2.641603350639343262e-05
5.123208463191986084e-02
1.740913651883602142e-02
4.857396241277456284e-03
-1.207490116357803345e-01
9.669910068623721600e-04
4.143446683883666992e-02
-3.699659556150436401e-02
1.419886052608489990e-01
1.598996520042419434e-01
1.277594119310379028e-01
-2.940340898931026459e-02
-5.568371340632438660e-02
-8.788044750690460205e-02
1.405640542507171631e-01
5.357823520898818970e-02
1.934260874986648560e-02
2.619748115539550781e-01
-1.131459921598434448e-01
6.288786232471466064e-02
3.861931711435317993e-02
-1.049319952726364136e-01
-7.023592293262481689e-02
1.268844604492187500e-01
-1.387264281511306763e-01
1.410784125328063965e-01
-2.124954573810100555e-02
3.230081871151924133e-02
5.359564349055290222e-02
6.603863090276718140e-02
1.314413994550704956e-01
3.936520963907241821e-02
7.590094953775405884e-02
-3.028911352157592773e-02
1.940093562006950378e-02
5.047335475683212280e-02
1.571967899799346924e-01
-8.373212814331054688e-02
-8.762422204017639160e-02
-7.179334014654159546e-02
-9.667482972145080566e-02
-7.099593989551067352e-03
-1.796531528234481812e-01
9.248550981283187866e-02
1.619775593280792236e-01
-1.170730814337730408e-01
-1.212225109338760376e-01
-2.797544375061988831e-02
-8.719380944967269897e-02
-4.753887280821800232e-02
-1.490045189857482910e-01
1.257047206163406372e-01
1.935934871435165405e-01
-1.137818321585655212e-01
-1.339177489280700684e-01
8.027990162372589111e-02
-2.676402684301137924e-03
-5.086135119199752808e-02
-3.353294730186462402e-02
-3.033690154552459717e-02
-8.505475521087646484e-02
-9.445892274379730225e-02
1.260078251361846924e-01
-1.559567600488662720e-01
1.041405424475669861e-01
4.374426230788230896e-02
1.491910964250564575e-02
3.664748370647430420e-02
-3.030889295041561127e-02
-2.646370790898799896e-02
-3.512354195117950439e-02
2.151185087859630585e-02
7.435978949069976807e-02
1.046575158834457397e-01
-5.193906649947166443e-02
-1.369522660970687866e-01
4.552168771624565125e-02
-7.114753872156143188e-02
4.105135798454284668e-02
-5.593474954366683960e-02
1.435618847608566284e-01
-9.320976585149765015e-02
-1.923206150531768799e-01
-4.963987320661544800e-02
4.744614474475383759e-03
1.014219969511032104e-01
3.199599683284759521e-02
-7.842200249433517456e-02
-8.222845941781997681e-02
-1.335394382476806641e-01
-5.165338516235351562e-03
1.094248741865158081e-01
1.509324312210083008e-01
6.470244377851486206e-02
-2.103358320891857147e-02
1.130139641463756561e-02
1.343522965908050537e-02
1.745169609785079956e-01
1.094077751040458679e-01
-6.210322305560112000e-02
-1.578731536865234375e-01
-7.174168527126312256e-02
-8.741439878940582275e-02
-1.897460781037807465e-02
1.191648468375205994e-01
-3.971817903220653534e-03
4.535373300313949585e-02
