4.919501394033432007e-02
7.430027425289154053e-02
4.096810147166252136e-02
5.179134756326675415e-02
-4.704569280147552490e-02
-4.998508840799331665e-02
1.804783940315246582e-02
-4.060162603855133057e-02
-5.554767698049545288e-02
-2.639462798833847046e-02
5.467272922396659851e-02
-7.327291183173656464e-03
4.735931009054183960e-02
7.817669771611690521e-03
-2.238632366061210632e-02
-2.400724589824676514e-02
-2.433653920888900757e-02
1.590486988425254822e-02
-2.290026098489761353e-02
-2.845318615436553955e-02
-5.819485988467931747e-03
3.517590463161468506e-02
2.419855445623397827e-02
1.037407964468002319e-01
-6.490690261125564575e-02
7.743351161479949951e-03
1.814732700586318970e-02
-6.363502703607082367e-03
5.335698649287223816e-02
7.893145084381103516e-02
2.981711737811565399e-02
1.809293404221534729e-02
4.628108441829681396e-02
3.104104660451412201e-02
3.195552527904510498e-02
-4.903761297464370728e-02
5.905465409159660339e-02
2.958082035183906555e-02
1.649221591651439667e-02
-3.069341182708740234e-02
-2.333864569664001465e-02
-7.126101758331060410e-03
3.833069652318954468e-02
-1.806690124794840813e-03
6.605449132621288300e-03
-3.691163286566734314e-02
4.252859577536582947e-02
-9.645522572100162506e-03
2.936036884784698486e-02
1.285356562584638596e-02
8.438460528850555420e-03
4.753079265356063843e-02
5.764500051736831665e-02
4.895481094717979431e-02
-3.609240427613258362e-02
-1.763846352696418762e-02
3.612978756427764893e-02
8.414801955223083496e-02
-4.984029754996299744e-02
-5.271644517779350281e-02
1.422858834266662598e-01
1.839925884269177914e-03
6.528407335281372070e-02
-3.334169089794158936e-02
-7.898058742284774780e-03
5.255507677793502808e-02
-1.556319370865821838e-02
-4.483871906995773315e-02
5.162336863577365875e-03
-3.670529276132583618e-02
-4.446959495544433594e-02
-5.982606858015060425e-02
-1.063537970185279846e-02
-1.265305094420909882e-02
3.093226812779903412e-02
-1.607657596468925476e-02
-3.963430225849151611e-02
-7.594112306833267212e-03
-1.857141219079494476e-02
3.558860719203948975e-02
4.591703042387962341e-02
-3.561566770076751709e-02
3.425940871238708496e-02
-3.764827176928520203e-02
7.395580410957336426e-03
-2.373490855097770691e-02
4.576821625232696533e-02
-8.938263170421123505e-03
-5.025508254766464233e-02
4.692901298403739929e-02
2.311100065708160400e-02
6.049421429634094238e-02
3.475677222013473511e-02
8.223821222782135010e-02
-5.261250585317611694e-02
-3.560035256668925285e-03
3.358002752065658569e-02
-8.435630239546298981e-03
-6.750243902206420898e-02
1.369599439203739166e-02
-7.984538376331329346e-02
4.768545739352703094e-03
-2.105188742280006409e-02
2.227722667157649994e-02
2.711205743253231049e-02
1.120564863085746765e-01
1.455850340425968170e-02
-4.220480471849441528e-02
-8.886231109499931335e-03
7.505540736019611359e-03
7.434505224227905273e-02
-8.470761030912399292e-02
5.240734666585922241e-02
1.103128343820571899e-01
3.948836028575897217e-02
-7.561385631561279297e-03
-1.576125621795654297e-01
1.751432567834854126e-02
7.521168887615203857e-02
2.701510488986968994e-02
-3.234266862273216248e-02
2.225319109857082367e-02
1.663452014327049255e-02
-5.985860154032707214e-02
2.965807914733886719e-03
3.477472066879272461e-02
3.978062793612480164e-02
-6.932748109102249146e-02
-3.508009016513824463e-02
-2.310856804251670837e-02
-5.719209834933280945e-02
1.232728362083435059e-02
-3.642075881361961365e-02
-1.103683840483427048e-02
4.087056219577789307e-02
-1.206916384398937225e-02
2.723516151309013367e-02
-2.881310693919658661e-02
2.983102574944496155e-02
-1.720803231000900269e-02
-5.339758843183517456e-02
-2.965006791055202484e-02
-3.823415562510490417e-02
-8.192796260118484497e-02
-1.714644371531903744e-03
-9.132800996303558350e-02
-1.412638723850250244e-01
-1.398228853940963745e-02
1.889973133802413940e-02
3.192987665534019470e-02
-2.083412930369377136e-02
3.571363538503646851e-02
-4.014446958899497986e-02
6.203805655241012573e-02
-4.714919254183769226e-02
-2.548673003911972046e-02
3.959660232067108154e-02
-4.198723286390304565e-02
8.865343034267425537e-02
4.587430879473686218e-02
1.398530881851911545e-02
-2.261650189757347107e-02
-7.349175214767456055e-02
-4.134528338909149170e-02
-1.715626940131187439e-02
3.953786939382553101e-02
-6.388737261295318604e-02
4.017905518412590027e-02
7.139602303504943848e-02
6.675198674201965332e-02
-1.415209658443927765e-02
-4.822982847690582275e-02
3.841919358819723129e-03
5.823699757456779480e-02
5.789760500192642212e-02
-1.534656248986721039e-02
4.668677598237991333e-02
1.017630100250244141e-02
1.838655769824981689e-02
4.628214519470930099e-03
-5.885376036167144775e-02
9.416863322257995605e-03
-1.055770367383956909e-01
-1.053328625857830048e-02
2.822062000632286072e-02
9.614231437444686890e-02
-5.240735411643981934e-02
-8.372151106595993042e-02
6.488432735204696655e-02
9.114879183471202850e-03
1.956200227141380310e-02
9.144149720668792725e-02
-2.235895022749900818e-02
-6.280044466257095337e-02
9.051956236362457275e-03
1.454133912920951843e-02
3.142041340470314026e-02
2.420619502663612366e-02
1.219872664660215378e-02
1.826430298388004303e-02
2.204368263483047485e-02
1.878625713288784027e-02
9.684344753623008728e-03
4.341365024447441101e-02
-1.870831660926342010e-02
8.458818309009075165e-03
-3.138938173651695251e-02
-8.869300596415996552e-03
6.010938435792922974e-02
2.218262106180191040e-02
-4.295810684561729431e-02
-4.884628579020500183e-02
1.782804727554321289e-03
-9.708572924137115479e-02
-1.109706014394760132e-01
-5.746413767337799072e-02
4.299998283386230469e-02
5.349506065249443054e-02
9.935937821865081787e-02
8.993758261203765869e-02
1.462424993515014648e-01
3.227040544152259827e-02
-6.520457565784454346e-03
-3.356973454356193542e-02
6.246121972799301147e-02
2.645053714513778687e-02
-2.003367058932781219e-02
-8.967213332653045654e-03
8.868365734815597534e-02
6.340235471725463867e-02
-2.292142435908317566e-02
5.700978636741638184e-02
2.959468029439449310e-02
-1.533772796392440796e-03
2.594311535358428955e-02
-4.037722945213317871e-02
-1.817234419286251068e-02
1.127719879150390625e-02
8.894558250904083252e-02
1.289411634206771851e-02
1.636336743831634521e-02
3.230297565460205078e-02
-6.380889564752578735e-02
-5.910410732030868530e-02
5.498594045639038086e-02
1.331865414977073669e-02
-7.613344490528106689e-02
9.263088554143905640e-02
3.854707628488540649e-02
3.252899972721934319e-03
-3.370076045393943787e-02
3.590134531259536743e-02
-1.085858605802059174e-02
7.516505569219589233e-02
-1.110250502824783325e-02
2.507906220853328705e-02
-1.238734945654869080e-01
5.634028464555740356e-02
-1.177332624793052673e-01
-4.941432736814022064e-03
1.049193926155567169e-02
5.230409558862447739e-03
-3.097792621701955795e-03
-5.051588639616966248e-02
6.953562796115875244e-02
3.714033961296081543e-02
2.545223943889141083e-02
-4.832884669303894043e-02
7.004049606621265411e-03
-6.113864481449127197e-02
-8.666370064020156860e-03
-4.892013594508171082e-02
2.685812674462795258e-02
4.395922645926475525e-02
1.037616096436977386e-02
-7.450773566961288452e-02
-3.028603270649909973e-02
-1.007054746150970459e-02
-6.794454902410507202e-02
6.693112105131149292e-02
2.033185958862304688e-02
1.512849330902099609e-02
-4.543305933475494385e-02
9.816980920732021332e-03
-5.547858402132987976e-02
-2.355669066309928894e-02
5.059995502233505249e-02
4.487847909331321716e-02
8.147127926349639893e-03
-6.593965739011764526e-02
2.797161042690277100e-02
-1.659890823066234589e-02
-7.283824682235717773e-02
1.850350946187973022e-02
-1.035236567258834839e-02
-3.054349124431610107e-02
-2.931933850049972534e-03
7.546342164278030396e-02
1.259764097630977631e-02
1.463229116052389145e-02
