-1.022812277078628540e-01
6.085756421089172363e-02
-6.268002092838287354e-02
9.459275007247924805e-02
-2.000196874141693115e-01
-2.265339251607656479e-03
-4.239250719547271729e-02
1.450230833142995834e-02
-2.108458057045936584e-02
-8.507689088582992554e-02
2.266711555421352386e-02
1.081769820302724838e-02
2.172333002090454102e-02
-7.024262845516204834e-02
1.604170352220535278e-02
-1.218160032294690609e-03
4.815648123621940613e-02
-9.261622093617916107e-03
-1.053995788097381592e-01
-2.111853659152984619e-02
1.769095286726951599e-02
3.423234075307846069e-02
-2.060984075069427490e-02
-4.701485857367515564e-02
-1.512713879346847534e-01
-7.707881927490234375e-02
-1.788376830518245697e-02
-9.705357998609542847e-02
-9.701907634735107422e-03
1.017209738492965698e-01
-1.076091676950454712e-01
4.066362977027893066e-02
3.692039102315902710e-02
5.799841880798339844e-02
5.333493929356336594e-03
-3.865869343280792236e-02
2.453726381063461304e-01
5.873682349920272827e-02
8.306236565113067627e-02
-2.452036738395690918e-02
-1.221543084830045700e-02
-4.859379678964614868e-02
1.122523471713066101e-01
1.064598187804222107e-01
-8.385322988033294678e-02
4.364603385329246521e-02
-1.069785840809345245e-02
1.266774069517850876e-02
1.236992701888084412e-02
-1.202649902552366257e-02
-8.824367821216583252e-02
8.928386867046356201e-02
2.401334419846534729e-02
-1.640589088201522827e-01
-1.604321300983428955e-01
-7.415270805358886719e-02
1.530619114637374878e-01
6.077489256858825684e-02
-1.692625731229782104e-01
2.963876351714134216e-02
4.539220035076141357e-02
2.069555595517158508e-02
9.707503020763397217e-02
8.312826976180076599e-03
-5.122204869985580444e-02
6.618507206439971924e-02
1.191427744925022125e-02
3.574856370687484741e-02
3.684252128005027771e-02
-4.371447488665580750e-02
-2.578740194439888000e-02
-8.831368386745452881e-02
-2.746097743511199951e-02
-3.922972828149795532e-02
-6.863886117935180664e-02
-7.507036626338958740e-02
-3.996494784951210022e-02
7.339993119239807129e-02
-1.204440649598836899e-02
-4.050163552165031433e-02
1.043979823589324951e-01
3.226821497082710266e-02
1.238350570201873779e-02
-2.746428921818733215e-02
-2.241371944546699524e-02
-4.453313350677490234e-02
5.966326221823692322e-02
-1.575405001640319824e-01
9.809869527816772461e-02
5.541958659887313843e-02
3.736944496631622314e-02
7.882300764322280884e-02
1.043018698692321777e-01
-5.242348834872245789e-02
2.081259153783321381e-02
-5.545290559530258179e-02
4.517131298780441284e-02
1.097505073994398117e-02
2.901631593704223633e-02
-3.481171652674674988e-02
-2.554956823587417603e-02
-2.253669081255793571e-03
3.636993467807769775e-03
-9.411571919918060303e-02
2.114979550242424011e-02
-1.549863815307617188e-01
-1.031302614137530327e-03
-5.516076087951660156e-02
1.715163700282573700e-02
8.808188140392303467e-02
6.650425493717193604e-02
-8.810421824455261230e-02
-9.734652936458587646e-03
1.165630519390106201e-01
9.406004846096038818e-02
6.021697819232940674e-02
-1.727892011404037476e-01
1.125856190919876099e-01
-1.833865419030189514e-02
1.730421632528305054e-01
8.360958099365234375e-02
-5.703490227460861206e-02
1.121756061911582947e-01
3.462488576769828796e-02
-7.528938353061676025e-02
3.316923230886459351e-02
-9.203889220952987671e-02
-1.493028253316879272e-01
-1.207878291606903076e-01
5.647283047437667847e-02
-1.181278154253959656e-01
-2.849261974915862083e-03
-1.433661580085754395e-01
6.725025177001953125e-02
-2.607993781566619873e-02
-1.003657802939414978e-01
3.421258181333541870e-02
4.127980396151542664e-02
1.389578133821487427e-01
5.678946524858474731e-02
-4.149646684527397156e-02
-4.626720771193504333e-02
-1.972559280693531036e-02
-7.231780141592025757e-02
9.924101829528808594e-02
-9.024371206760406494e-02
-1.649737656116485596e-01
1.039509661495685577e-02
-7.245339453220367432e-02
2.496576402336359024e-03
-6.376247107982635498e-02
1.117810159921646118e-01
-4.459460079669952393e-02
1.015709042549133301e-01
5.362754315137863159e-02
-4.160086438059806824e-02
7.412504404783248901e-02
-7.078175246715545654e-02
8.485921472311019897e-02
-7.982750236988067627e-02
1.314375996589660645e-01
-7.266517728567123413e-02
-2.360569499433040619e-02
-2.987493574619293213e-02
-4.233032464981079102e-03
-4.390029609203338623e-02
-1.025386750698089600e-01
5.163245648145675659e-02
6.028586253523826599e-02
-5.979302152991294861e-02
5.575772374868392944e-02
3.550128545612096786e-03
1.550172269344329834e-01
8.895078301429748535e-02
5.572522431612014771e-02
-1.379984617233276367e-01
1.325365900993347168e-01
1.368387788534164429e-01
-2.211465686559677124e-02
3.329863026738166809e-02
-2.178408950567245483e-02
-8.071780204772949219e-02
-5.803050473332405090e-03
-3.206759318709373474e-02
3.188897669315338135e-02
3.047365695238113403e-02
-1.813419163227081299e-02
1.048625558614730835e-01
2.985516190528869629e-02
4.966157302260398865e-02
3.846954926848411560e-02
2.085482925176620483e-01
-1.091558020561933517e-02
-3.333146125078201294e-02
1.483515836298465729e-02
-4.968474432826042175e-02
4.961200803518295288e-02
-6.955878343433141708e-03
4.468666762113571167e-02
7.176466286182403564e-02
2.010351791977882385e-02
7.770049571990966797e-02
-1.135015022009611130e-02
7.713866978883743286e-02
-2.366238646209239960e-02
3.379975259304046631e-02
-5.965925008058547974e-02
-6.982715427875518799e-02
2.111290767788887024e-02
1.380950361490249634e-01
-1.602104157209396362e-01
-5.897226929664611816e-02
-9.183695167303085327e-02
-1.674586236476898193e-01
-8.728177845478057861e-02
1.441940851509571075e-02
6.063754111528396606e-02
1.081406474113464355e-01
2.000742033123970032e-02
1.433878205716609955e-02
3.345492780208587646e-01
1.241715401411056519e-01
2.470459043979644775e-02
5.073988065123558044e-02
6.512767076492309570e-02
6.820812076330184937e-02
9.801264852285385132e-02
-2.138599753379821777e-02
1.191861256957054138e-01
4.791262745857238770e-02
-1.259198933839797974e-01
2.983671985566616058e-02
1.335250735282897949e-01
3.488136827945709229e-02
1.075707003474235535e-02
-3.799538314342498779e-02
-2.426642552018165588e-02
5.343195796012878418e-02
1.323042958974838257e-01
-2.114392630755901337e-02
3.219507262110710144e-02
9.066174738109111786e-03
-1.284800171852111816e-01
-1.908559501171112061e-01
1.463466584682464600e-01
1.066816300153732300e-01
-6.263452768325805664e-02
-2.781017869710922241e-02
4.126068204641342163e-02
1.006911024451255798e-01
-2.498616930097341537e-03
1.130754053592681885e-01
-1.358318626880645752e-01
-1.456285081803798676e-02
-1.468127369880676270e-01
4.072433710098266602e-02
-1.106545627117156982e-01
-1.423847228288650513e-01
-1.437939852476119995e-01
-5.735586211085319519e-02
1.061843931674957275e-01
-1.225840859115123749e-02
-5.640457384288311005e-03
-3.991723060607910156e-04
9.622448682785034180e-02
-8.682686090469360352e-02
1.841408549807965755e-03
2.141764387488365173e-02
1.795547781512141228e-03
-1.176982522010803223e-01
-1.425524242222309113e-02
-6.873089075088500977e-02
-4.777393490076065063e-02
-8.363270759582519531e-02
-4.229519888758659363e-02
-8.847126364707946777e-02
-7.043404877185821533e-02
4.885986074805259705e-02
-7.077687885612249374e-03
1.542008519172668457e-01
-1.589945517480373383e-02
-1.018602848052978516e-01
-1.228708550333976746e-01
4.747232794761657715e-02
1.621484011411666870e-02
3.439359366893768311e-02
1.578223854303359985e-01
1.091132313013076782e-02
-2.014058409258723259e-03
-4.334154725074768066e-02
1.024373471736907959e-01
1.495644263923168182e-02
-7.790463417768478394e-02
4.225408285856246948e-02
7.481946051120758057e-02
1.793992891907691956e-02
1.130381878465414047e-02
1.590376496315002441e-01
7.201428711414337158e-02
6.143454834818840027e-02
