4.762746393680572510e-02
-3.221791237592697144e-02
4.024624824523925781e-03
1.046289503574371338e-01
-2.804623171687126160e-02
-3.686513006687164307e-02
-1.817292161285877228e-02
3.624668344855308533e-02
2.215274609625339508e-02
5.296184867620468140e-02
-6.034201011061668396e-02
-1.286620274186134338e-03
-1.041213870048522949e-01
-5.671570543199777603e-03
3.235252946615219116e-02
6.080737337470054626e-02
-1.841360330581665039e-02
-1.930368132889270782e-02
-1.017528474330902100e-01
7.389170676469802856e-02
-2.501616813242435455e-02
7.260254770517349243e-02
-2.432519197463989258e-02
-1.965875970199704170e-03
4.108740016818046570e-03
-7.639503479003906250e-02
8.025854080915451050e-02
-5.762651562690734863e-03
7.833421230316162109e-02
4.801518842577934265e-02
-2.222177200019359589e-02
-3.380253165960311890e-02
-3.437512740492820740e-02
7.701496779918670654e-02
-2.440814487636089325e-02
-4.661941528320312500e-02
2.781216800212860107e-02
5.258863326162099838e-03
-3.249740973114967346e-02
-2.983812987804412842e-02
1.302257552742958069e-02
5.697091668844223022e-02
3.237543255090713501e-02
1.149490699172019958e-01
6.381499581038951874e-03
1.930013298988342285e-03
7.850836217403411865e-02
9.217397123575210571e-02
2.456968277692794800e-02
-2.425155602395534515e-02
5.059824325144290924e-03
3.487182036042213440e-02
1.820725272409617901e-03
-1.756384223699569702e-02
-5.558330938220024109e-02
3.069366328418254852e-03
9.045774489641189575e-02
-1.025756169110536575e-02
-1.117910146713256836e-01
-2.339881844818592072e-03
-6.818040274083614349e-03
1.968666911125183105e-04
-1.002948544919490814e-02
-5.612224340438842773e-02
-2.347737923264503479e-02
4.466655105352401733e-02
-6.824999582022428513e-03
3.834179788827896118e-02
-4.982736427336931229e-03
-1.263731345534324646e-02
-4.911501705646514893e-02
-4.088150709867477417e-02
-6.298253312706947327e-03
-9.407380223274230957e-02
-7.248635590076446533e-02
-4.317978397011756897e-02
-7.990919053554534912e-02
5.416418239474296570e-02
-9.663427248597145081e-03
-1.214798353612422943e-02
7.146182656288146973e-02
-8.245173841714859009e-03
1.572073251008987427e-02
2.932079136371612549e-03
5.889615043997764587e-02
1.013783644884824753e-02
5.776344984769821167e-02
6.499700248241424561e-02
3.288543224334716797e-02
8.124773949384689331e-02
-1.000293269753456116e-01
-1.744915172457695007e-02
1.440722644329071045e-01
2.588039636611938477e-02
-2.408240363001823425e-02
-3.443722426891326904e-02
-6.446511298418045044e-02
7.421788573265075684e-02
-1.257049664855003357e-02
-2.875407598912715912e-02
1.188301146030426025e-01
1.911351643502712250e-02
-9.378185495734214783e-03
-7.295026630163192749e-02
7.826823741197586060e-03
4.381344467401504517e-02
-6.146250665187835693e-02
7.917651906609535217e-03
-1.095417737960815430e-01
1.203158125281333923e-02
9.646659716963768005e-03
-7.392087019979953766e-03
-3.649583086371421814e-02
-3.587251529097557068e-02
-1.882041618227958679e-02
-7.588961627334356308e-03
-1.163801550865173340e-02
-2.305387333035469055e-02
7.708179950714111328e-02
1.889382116496562958e-02
1.093669384717941284e-01
3.811812959611415863e-03
-6.472672522068023682e-02
-1.480401121079921722e-02
1.152606680989265442e-01
7.272832840681076050e-02
-3.120256960391998291e-02
-1.124311238527297974e-01
3.118813969194889069e-02
-3.792089223861694336e-02
-4.732846096158027649e-02
-1.285068225115537643e-02
-2.625874057412147522e-02
9.468793869018554688e-04
-3.829305991530418396e-02
-3.273167088627815247e-02
-5.366528034210205078e-02
-1.490176888182759285e-03
-2.504788339138031006e-02
-5.687801539897918701e-02
-1.596321538090705872e-02
-8.817631751298904419e-04
-9.326173923909664154e-03
-5.751088261604309082e-02
7.094537839293479919e-03
4.792324081063270569e-02
-1.119291856884956360e-01
1.317235734313726425e-02
3.665204718708992004e-02
1.100385840982198715e-02
-3.579398244619369507e-02
-5.816491320729255676e-02
-4.531485587358474731e-02
-1.552031747996807098e-02
-1.774636097252368927e-02
-1.116959284991025925e-02
5.098167434334754944e-02
-2.202993258833885193e-02
-1.257538795471191406e-03
1.314808800816535950e-02
-2.668564580380916595e-02
1.341567840427160263e-02
-6.505297124385833740e-02
-4.109975695610046387e-02
-6.221732497215270996e-02
2.361963037401437759e-03
1.215727627277374268e-02
-3.529563546180725098e-02
9.021538496017456055e-02
-3.255362436175346375e-02
1.336676348000764847e-02
-4.896701499819755554e-02
-7.325179874897003174e-02
-1.736268401145935059e-02
-4.007671400904655457e-02
-4.441174864768981934e-02
-1.399980857968330383e-02
-4.346045851707458496e-02
3.411798179149627686e-02
-8.185357600450515747e-02
4.032937437295913696e-02
-1.146911829710006714e-02
-5.507517606019973755e-02
-2.374197542667388916e-02
-1.672054827213287354e-02
1.375183649361133575e-02
1.839278452098369598e-02
-9.605989605188369751e-02
6.372121162712574005e-03
-1.576056778430938721e-01
8.874408900737762451e-02
6.989248842000961304e-02
-9.490448236465454102e-02
-1.081126742064952850e-02
1.898121088743209839e-02
2.732416987419128418e-02
-8.435262739658355713e-02
6.687121093273162842e-02
-1.129497028887271881e-02
1.402284651994705200e-01
-5.648013204336166382e-02
4.048531129956245422e-02
1.650795340538024902e-02
-3.439344093203544617e-02
-3.070262074470520020e-02
-3.296061232686042786e-02
-1.969061978161334991e-02
-1.896227523684501648e-02
4.837813228368759155e-02
-5.030477419495582581e-02
2.112786024808883667e-01
-3.559465706348419189e-02
2.612823247909545898e-02
2.178693888708949089e-03
-3.812260553240776062e-02
2.421917580068111420e-02
-1.268034614622592926e-02
-1.295091863721609116e-02
1.215459033846855164e-02
-4.046192020177841187e-02
1.330302841961383820e-02
-8.789068087935447693e-04
5.384824238717556000e-03
5.809827893972396851e-02
3.440792858600616455e-02
-8.701296895742416382e-02
-2.407180331647396088e-02
-7.202397286891937256e-02
4.374654963612556458e-02
2.163664251565933228e-02
8.556713350117206573e-03
-6.623007357120513916e-02
-3.613904491066932678e-02
-1.893214695155620575e-02
-5.258373916149139404e-03
-8.460472524166107178e-02
-2.244556788355112076e-03
4.480690881609916687e-02
-5.460014939308166504e-02
-7.111036777496337891e-02
-1.212615519762039185e-03
-1.003054901957511902e-01
1.487172301858663559e-02
-1.197940707206726074e-01
1.126478314399719238e-01
2.406663261353969574e-03
3.013056702911853790e-03
1.483362913131713867e-02
1.555176079273223877e-02
-4.961648210883140564e-02
8.371359854936599731e-02
-5.966118723154067993e-02
-3.796759247779846191e-02
-4.545331001281738281e-02
-1.497254520654678345e-02
5.462271347641944885e-02
-6.713324040174484253e-02
-2.747195214033126831e-02
9.363223612308502197e-02
-3.009894862771034241e-03
1.620463095605373383e-02
2.960293367505073547e-02
6.620054692029953003e-02
-4.539421293884515762e-03
-8.392499387264251709e-02
5.038031935691833496e-02
4.198297485709190369e-02
-7.195544242858886719e-02
-1.371599920094013214e-02
-5.998999625444412231e-02
-4.018464311957359314e-02
-1.332412473857402802e-02
-3.050585091114044189e-02
3.260631859302520752e-02
1.503630578517913818e-01
-1.417418718338012695e-01
1.121837738901376724e-02
4.171040281653404236e-02
-5.842992663383483887e-02
3.983956947922706604e-02
-8.939467370510101318e-02
-8.979406207799911499e-03
-8.738854527473449707e-02
2.905146777629852295e-02
1.012360118329524994e-02
9.799230843782424927e-03
2.450510300695896149e-02
-9.272266924381256104e-02
-3.193947672843933105e-02
-6.746469438076019287e-02
3.235004842281341553e-04
2.713709324598312378e-02
-6.206631660461425781e-02
9.385900944471359253e-02
6.117008626461029053e-02
-4.329153895378112793e-02
3.783596679568290710e-03
1.148597896099090576e-01
-1.032819300889968872e-01
4.314305633306503296e-02
