-1.624204590916633606e-02
-4.556841682642698288e-03
-2.265829127281904221e-03
7.425980269908905029e-02
2.984058111906051636e-03
-1.269046217203140259e-01
5.469225347042083740e-02
-6.881172768771648407e-03
8.085886947810649872e-03
-4.233870655298233032e-03
-3.431240469217300415e-02
-3.141456842422485352e-02
8.614462800323963165e-03
-7.552444934844970703e-02
4.447095096111297607e-02
-2.903292770497500896e-04
2.285972051322460175e-02
-1.217180024832487106e-02
3.978051990270614624e-02
-3.756099939346313477e-02
8.448129892349243164e-02
-5.905660241842269897e-02
6.542704999446868896e-02
3.603523969650268555e-02
7.513471692800521851e-02
-3.654953092336654663e-02
6.321244686841964722e-02
-3.680148348212242126e-02
-2.254176884889602661e-02
5.810002610087394714e-02
-8.915302157402038574e-02
-1.867316477000713348e-02
-4.602403566241264343e-02
3.632340580224990845e-02
8.207842707633972168e-03
2.025917172431945801e-03
4.221235401928424835e-03
4.582430119626224041e-04
1.652665995061397552e-02
7.620047777891159058e-02
6.783875823020935059e-02
-9.269743412733078003e-02
4.534934461116790771e-02
-5.394268780946731567e-02
-9.343113750219345093e-02
1.441960781812667847e-02
-1.734202355146408081e-02
-1.381065882742404938e-02
-1.317296922206878662e-02
-7.991833984851837158e-02
-7.219401001930236816e-02
-4.625360481441020966e-03
2.345577441155910492e-02
-3.966810926795005798e-02
5.444186553359031677e-02
5.313654989004135132e-02
1.557942479848861694e-01
8.085690438747406006e-03
-6.924830377101898193e-02
-8.910916745662689209e-02
1.967090554535388947e-02
-2.084519341588020325e-02
-2.968743443489074707e-02
-6.054220721125602722e-02
3.364332392811775208e-02
4.346539825201034546e-02
-8.211729675531387329e-02
2.612160705029964447e-02
2.251692488789558411e-02
9.386309422552585602e-03
-2.113885991275310516e-02
7.282773964107036591e-03
5.428643524646759033e-02
-1.408933699131011963e-01
-1.910491101443767548e-02
6.221285462379455566e-02
4.232118651270866394e-02
1.909063942730426788e-02
-4.796867724508047104e-03
-3.196748718619346619e-02
-4.128841683268547058e-02
1.559521537274122238e-02
-4.950435087084770203e-02
-3.178719431161880493e-02
5.638896487653255463e-03
-3.909859433770179749e-02
9.779170155525207520e-03
3.330677002668380737e-02
-9.082944691181182861e-02
3.357341885566711426e-02
-3.278018161654472351e-02
-8.836158365011215210e-02
8.139635622501373291e-02
8.478401228785514832e-03
-1.445639133453369141e-02
-1.128306053578853607e-02
-7.825540751218795776e-02
-1.217784639447927475e-02
-1.026479452848434448e-01
2.141925971955060959e-03
-1.416805572807788849e-02
1.347630284726619720e-02
1.924252836033701897e-03
3.220321983098983765e-02
5.758233368396759033e-02
-8.682795800268650055e-03
-3.615541383624076843e-02
4.238477349281311035e-02
2.424279926344752312e-03
-2.146707847714424133e-04
2.902580052614212036e-02
-4.698314517736434937e-02
1.004492398351430893e-02
2.123236283659934998e-02
2.295988798141479492e-02
1.026112586259841919e-02
5.111842416226863861e-03
2.926686219871044159e-02
7.284812629222869873e-03
7.262988388538360596e-02
8.851952850818634033e-03
2.026540227234363556e-02
1.327352523803710938e-01
3.362391144037246704e-02
2.071316353976726532e-02
2.685898169875144958e-02
-3.508552908897399902e-02
-3.550993977114558220e-03
-8.060052990913391113e-02
7.640264928340911865e-02
-3.920516744256019592e-02
-8.457970805466175079e-03
9.347500279545783997e-03
1.170161552727222443e-02
1.232743263244628906e-02
-7.920054486021399498e-04
7.088861614465713501e-02
-1.811293512582778931e-02
-2.346290461719036102e-02
-4.206183552742004395e-02
9.144155308604240417e-03
5.271283909678459167e-02
-6.472034379839897156e-03
-4.299698770046234131e-02
-5.268356949090957642e-02
7.020777463912963867e-02
-7.619245350360870361e-02
5.219965241849422455e-03
-2.626946195960044861e-02
-1.528719812631607056e-02
-3.907747566699981689e-02
9.938832372426986694e-03
1.540495641529560089e-02
7.680544629693031311e-03
-1.023733839392662048e-01
4.094856977462768555e-02
2.056853473186492920e-02
5.136433988809585571e-03
7.530348002910614014e-02
5.852994322776794434e-02
4.000299796462059021e-02
4.319861531257629395e-02
-2.330867014825344086e-02
1.696252077817916870e-02
3.357462584972381592e-02
3.722555190324783325e-02
4.139558225870132446e-02
-4.930186271667480469e-02
1.050724275410175323e-02
4.554596543312072754e-02
-1.569584757089614868e-02
-2.353935735300183296e-03
5.724534392356872559e-02
4.599405080080032349e-02
6.752499938011169434e-02
3.967848606407642365e-03
7.072037458419799805e-02
4.421375319361686707e-02
-2.069745771586894989e-02
-6.954083591699600220e-02
-3.483320772647857666e-02
2.680096030235290527e-02
-3.355017304420471191e-02
-3.398679196834564209e-02
-1.520024240016937256e-02
-2.976310811936855316e-02
2.109516225755214691e-02
-3.408217430114746094e-02
3.333723172545433044e-02
-2.180910669267177582e-02
2.568977698683738708e-02
3.913576528429985046e-02
5.319909751415252686e-02
-5.956297740340232849e-02
5.331239849328994751e-02
3.470497578382492065e-02
-3.195058926939964294e-02
-8.403551578521728516e-02
-8.929702639579772949e-02
-3.370016813278198242e-03
-1.151219457387924194e-01
6.041690707206726074e-02
-2.686001174151897430e-02
-6.368244998157024384e-03
-8.569132536649703979e-03
1.717778295278549194e-02
-1.057804189622402191e-02
8.048308640718460083e-02
1.569743640720844269e-02
-5.834288522601127625e-02
9.106575697660446167e-02
5.347914248704910278e-02
3.775650169700384140e-03
2.612965181469917297e-02
4.810054600238800049e-02
1.071025989949703217e-02
-5.632465705275535583e-02
-1.094078086316585541e-02
1.543690264225006104e-02
2.118592336773872375e-02
3.271128237247467041e-02
7.932762801647186279e-02
9.393963217735290527e-02
7.217499613761901855e-02
6.940245628356933594e-02
5.614544078707695007e-02
5.779230594635009766e-02
-9.146641939878463745e-03
-3.673347085714340210e-02
-2.587688714265823364e-02
2.044050395488739014e-02
2.448240527883172035e-03
1.796683296561241150e-02
-7.251178473234176636e-02
-2.608119696378707886e-02
4.639883991330862045e-03
-3.125337511301040649e-02
-1.855722256004810333e-02
-1.537036150693893433e-02
-1.648259721696376801e-02
4.795108363032341003e-02
-8.782124146819114685e-03
5.536120384931564331e-03
-6.493099778890609741e-02
7.996018230915069580e-02
8.488144725561141968e-02
4.592723213136196136e-03
1.427453942596912384e-02
-6.337319966405630112e-03
2.429609000682830811e-02
-3.849933622404932976e-03
-1.048528552055358887e-01
2.356692217290401459e-02
-4.593050107359886169e-02
-3.532832115888595581e-02
6.910907477140426636e-02
2.265188843011856079e-03
-4.932270944118499756e-02
9.107536077499389648e-02
-3.299836814403533936e-02
-2.879675850272178650e-02
-1.795214973390102386e-02
-1.467366050928831100e-02
-1.316569652408361435e-02
-5.738431122153997421e-03
4.853993281722068787e-02
4.890216886997222900e-02
-6.112904474139213562e-02
-5.685051530599594116e-02
5.812411662191152573e-03
2.130010537803173065e-02
-1.429581176489591599e-02
-1.030005048960447311e-02
3.853508457541465759e-02
-6.328957155346870422e-03
-5.287520214915275574e-02
-2.186063490808010101e-02
-2.838388085365295410e-03
-5.218196194618940353e-03
-7.906199991703033447e-02
-3.424881771206855774e-02
-9.806159883737564087e-03
-2.190171740949153900e-02
-3.255306184291839600e-02
2.658635005354881287e-02
1.293361838907003403e-02
-3.867091983556747437e-02
-1.702504232525825500e-02
1.373080443590879440e-02
5.908286198973655701e-02
5.829080939292907715e-02
-5.680316127836704254e-03
2.357398346066474915e-02
3.989333659410476685e-02
8.818995207548141479e-02
-7.593390345573425293e-02
-1.000536023639142513e-03
9.711152315139770508e-02
-1.649479568004608154e-02
1.299787592142820358e-02
