1.238488592207431793e-02
2.890981733798980713e-03
-3.972220420837402344e-02
1.893912106752395630e-01
-1.625020205974578857e-01
3.639201819896697998e-02
-3.695702180266380310e-03
5.394395440816879272e-02
1.855710595846176147e-01
-3.342285379767417908e-02
-5.471145734190940857e-02
-1.903128623962402344e-02
3.555666655302047729e-02
-1.403729170560836792e-01
-7.847968488931655884e-03
1.564881652593612671e-01
6.975837796926498413e-02
4.974814876914024353e-02
-3.122990429401397705e-01
-6.984397768974304199e-04
3.774661198258399963e-02
3.020807802677154541e-01
-5.457049235701560974e-02
1.686069816350936890e-01
-1.135019287467002869e-01
-9.641634672880172729e-02
9.820227324962615967e-02
-1.135573908686637878e-01
2.718807198107242584e-02
1.570071578025817871e-01
-2.297070436179637909e-02
-2.999015897512435913e-02
5.293627828359603882e-02
1.688491404056549072e-01
2.360637485980987549e-02
3.663776442408561707e-02
7.937818020582199097e-02
-1.149671673774719238e-01
-7.291024923324584961e-02
-7.612589001655578613e-02
-7.346616685390472412e-02
6.642588973045349121e-02
7.577666640281677246e-02
7.519322633743286133e-02
-1.358373276889324188e-02
1.049323379993438721e-01
1.468056589365005493e-01
-1.148257702589035034e-01
-2.954064123332500458e-02
-5.019368976354598999e-02
2.024153247475624084e-03
7.891619205474853516e-02
9.382935240864753723e-03
1.119977831840515137e-01
-2.861720696091651917e-02
-6.265088915824890137e-03
1.679781377315521240e-01
7.288881391286849976e-02
-1.732192635536193848e-01
-3.169674426317214966e-02
1.181023009121417999e-02
9.103938192129135132e-02
8.397244662046432495e-02
9.866610169410705566e-03
3.288456797599792480e-02
4.011031612753868103e-02
1.159417629241943359e-01
1.211201995611190796e-01
-6.904470920562744141e-02
-1.077908053994178772e-01
3.307778015732765198e-02
-1.258192509412765503e-01
7.795273512601852417e-02
-2.356729954481124878e-01
4.768044129014015198e-02
-2.597256600856781006e-01
-1.328587718307971954e-02
8.750640600919723511e-02
-1.327693462371826172e-05
-7.515124976634979248e-02
3.130712732672691345e-02
4.903581738471984863e-02
2.515107952058315277e-02
1.671332679688930511e-02
-7.943616807460784912e-02
2.605132944881916046e-02
1.573917418718338013e-01
9.733571112155914307e-02
1.954609155654907227e-01
2.252619117498397827e-01
-2.232282049953937531e-02
-2.681243792176246643e-02
2.716842889785766602e-01
6.463842839002609253e-02
-1.559304073452949524e-02
-3.802463412284851074e-03
-2.210290729999542236e-01
5.994626134634017944e-02
-1.051461696624755859e-01
3.647749871015548706e-02
4.415109381079673767e-02
-2.375709265470504761e-02
1.942031085491180420e-02
-1.686955839395523071e-01
1.229056343436241150e-01
3.924018889665603638e-02
4.440149664878845215e-02
-9.175957739353179932e-02
2.936045266687870026e-02
8.340080082416534424e-02
-1.240655034780502319e-01
8.795481920242309570e-02
1.882741972804069519e-02
-4.079353809356689453e-02
-3.282548487186431885e-02
1.004208624362945557e-01
-7.999300211668014526e-02
-3.970995172858238220e-02
1.509952545166015625e-01
1.180128902196884155e-01
7.893637567758560181e-02
-3.941890597343444824e-02
2.887368202209472656e-03
-1.256505846977233887e-01
6.416232883930206299e-02
2.867473065853118896e-01
-1.380113512277603149e-01
-1.499910056591033936e-01
1.038312464952468872e-01
-8.829684555530548096e-02
-1.956385672092437744e-01
-5.619943141937255859e-03
6.956548243761062622e-02
2.449744343757629395e-01
-7.819658517837524414e-02
-9.105372428894042969e-02
-2.499209344387054443e-02
3.535464033484458923e-02
-2.687208354473114014e-03
-3.038012608885765076e-02
-3.962854295969009399e-02
-1.454455964267253876e-02
-6.296393275260925293e-02
-5.401857197284698486e-02
-8.412085473537445068e-02
1.165784001350402832e-01
-2.361966222524642944e-01
-1.521265208721160889e-01
3.181035816669464111e-02
9.563869982957839966e-02
-1.289702653884887695e-01
4.214299842715263367e-02
-2.573327720165252686e-01
8.295036852359771729e-02
-5.113532394170761108e-02
-9.138110280036926270e-02
1.007995232939720154e-01
-8.382312953472137451e-02
-1.590222120285034180e-02
-2.356372773647308350e-02
-7.098242640495300293e-02
-1.579702645540237427e-02
-2.856959700584411621e-01
-9.478823095560073853e-02
-9.674299508333206177e-02
1.857637055218219757e-02
1.604310050606727600e-02
2.075342088937759399e-01
2.028919756412506104e-01
2.520963847637176514e-01
-9.437878429889678955e-02
-2.515122294425964355e-01
-1.362691521644592285e-01
-7.965588569641113281e-02
7.761389017105102539e-03
-1.649909615516662598e-01
6.756789050996303558e-03
-2.322952449321746826e-01
-9.725853800773620605e-02
-2.988235838711261749e-02
-5.726275593042373657e-02
-1.742785796523094177e-02
1.751668937504291534e-02
-2.183380722999572754e-02
3.129677847027778625e-02
2.036164700984954834e-01
8.091918379068374634e-02
-2.499437630176544189e-01
1.478802710771560669e-01
-2.075220644474029541e-01
1.215764954686164856e-01
6.997470557689666748e-02
-5.779441073536872864e-02
-6.728430837392807007e-02
1.910945214331150055e-02
-1.539413034915924072e-01
-2.716347873210906982e-01
1.826698929071426392e-01
-9.737516194581985474e-02
1.539498716592788696e-01
-1.400972902774810791e-02
7.163780927658081055e-02
3.139134868979454041e-02
3.960207104682922363e-02
6.405776739120483398e-02
-2.986585907638072968e-02
-1.617100834846496582e-02
-1.158048510551452637e-01
1.658377349376678467e-01
-1.014537066221237183e-01
1.979321241378784180e-01
1.085165143013000488e-02
1.547703295946121216e-01
-9.679305553436279297e-02
-3.031603991985321045e-03
-2.964229285717010498e-01
1.343459933996200562e-01
-1.226158291101455688e-01
1.805115789175033569e-01
-1.715405881404876709e-01
5.946570262312889099e-02
1.108759790658950806e-01
5.748226493597030640e-02
2.626536488533020020e-01
2.133208885788917542e-02
-2.108055800199508667e-01
-2.209498584270477295e-01
-5.079019814729690552e-02
1.916803121566772461e-01
3.645752370357513428e-02
-7.450589537620544434e-02
-1.302430480718612671e-01
1.361696571111679077e-01
8.986069262027740479e-02
4.156842082738876343e-02
-2.390182316303253174e-01
1.486547738313674927e-01
-1.683318987488746643e-02
8.078706264495849609e-02
-4.299730807542800903e-02
-1.188085973262786865e-01
-1.279345303773880005e-01
-1.405509263277053833e-01
-1.515151560306549072e-01
1.460223942995071411e-01
3.792017698287963867e-03
-3.447807580232620239e-02
9.738910943269729614e-02
6.812085211277008057e-02
6.059701740741729736e-02
2.525223195552825928e-01
-2.570240199565887451e-01
-2.748678438365459442e-02
1.238270998001098633e-01
-5.536086484789848328e-02
-1.047642678022384644e-01
-1.201006695628166199e-01
-7.693587988615036011e-02
-1.009974852204322815e-01
-2.075033783912658691e-01
-1.033179089426994324e-02
-2.125546336174011230e-02
1.033369451761245728e-01
7.396979629993438721e-02
-1.479696631431579590e-01
-3.346076607704162598e-02
7.220906764268875122e-02
-1.528059691190719604e-01
2.201057970523834229e-03
-1.625746190547943115e-01
1.192801222205162048e-01
-1.338056623935699463e-01
2.228352427482604980e-02
-7.705862820148468018e-02
4.416184872388839722e-02
-2.324255742132663727e-02
-7.517400383949279785e-02
-7.991991937160491943e-03
-1.945286691188812256e-01
-8.408702909946441650e-02
-1.544114202260971069e-02
1.683699190616607666e-01
-1.932361721992492676e-01
6.818114221096038818e-02
3.251068759709596634e-03
5.423870682716369629e-02
1.022214591503143311e-01
-3.931421786546707153e-02
-1.489344984292984009e-02
-4.646109044551849365e-02
1.629269272089004517e-01
-4.356652498245239258e-03
-2.675939798355102539e-01
4.147800207138061523e-01
6.349553167819976807e-02
1.123886853456497192e-01
-1.477514207363128662e-02
1.576046794652938843e-01
-5.042102932929992676e-02
2.591725587844848633e-01
