-4.177217185497283936e-02
6.472582463175058365e-03
-2.667715400457382202e-02
3.997260332107543945e-02
1.120769593399018049e-04
3.397110104560852051e-02
5.231596529483795166e-02
-7.436764426529407501e-03
-6.454686168581247330e-03
8.624535985291004181e-04
-3.411556780338287354e-02
1.693773828446865082e-02
-1.103052031248807907e-02
4.283659160137176514e-02
3.170090913772583008e-02
6.020342186093330383e-02
-4.943515639752149582e-03
-7.423066999763250351e-03
1.153805200010538101e-02
7.249342743307352066e-03
-4.557633772492408752e-02
-3.257042262703180313e-03
-2.522780187427997589e-02
2.528581209480762482e-02
-1.014226749539375305e-01
-3.612928465008735657e-02
2.973882108926773071e-02
1.569243147969245911e-02
4.250305518507957458e-02
6.891233846545219421e-03
1.646474376320838928e-02
7.095190696418285370e-03
-6.888257805258035660e-03
5.177919752895832062e-03
1.337259076535701752e-02
1.193945202976465225e-02
3.623032569885253906e-02
1.492254529148340225e-02
1.643023081123828888e-02
2.916939556598663330e-04
-7.744800299406051636e-02
1.896031014621257782e-02
-2.364927902817726135e-02
1.275846827775239944e-02
-2.235178276896476746e-02
6.173381954431533813e-02
-1.509903464466333389e-02
5.775812640786170959e-02
4.880413325736299157e-05
-1.520183403044939041e-02
-4.818741604685783386e-02
8.168625645339488983e-03
-9.302375838160514832e-03
1.622368209064006805e-02
-5.215851217508316040e-02
-1.700199209153652191e-02
3.059298358857631683e-02
-1.606603339314460754e-02
-5.487722530961036682e-02
-2.326207235455513000e-02
-3.074477799236774445e-02
-1.713378122076392174e-03
-2.015207335352897644e-02
3.025976195931434631e-02
-1.428587827831506729e-02
1.544070616364479065e-02
-4.104493930935859680e-02
3.190219774842262268e-02
1.433966681361198425e-02
-2.486607991158962250e-03
-4.338868707418441772e-02
-2.821235544979572296e-02
2.359670214354991913e-02
-2.195165865123271942e-02
-6.891658995300531387e-03
-2.410002239048480988e-02
3.592326864600181580e-02
-1.238060882315039635e-03
-1.392952166497707367e-02
-3.431482182350009680e-04
7.062616292387247086e-03
-3.460353240370750427e-02
1.174362935125827789e-02
-2.080002054572105408e-02
-5.579898599535226822e-03
1.913704909384250641e-02
5.375157296657562256e-02
3.551187366247177124e-02
6.234033033251762390e-03
4.889326915144920349e-02
2.259553642943501472e-03
-1.037539541721343994e-02
2.104954048991203308e-02
1.612140983343124390e-02
-2.744532749056816101e-02
8.668291382491588593e-03
8.753791451454162598e-03
-2.954387664794921875e-02
-2.217935211956501007e-02
4.707406461238861084e-02
-6.332640536129474640e-03
-3.812192706391215324e-03
1.885011419653892517e-02
-2.715224213898181915e-02
1.847594603896141052e-02
3.866425901651382446e-02
-2.219504211097955704e-03
3.025930747389793396e-02
-4.755298420786857605e-02
-1.026175543665885925e-02
1.130204182118177414e-03
-4.152717441320419312e-02
-2.071594633162021637e-02
2.997875399887561798e-02
1.370774209499359131e-02
-3.330531343817710876e-02
-1.551502943038940430e-02
1.672275550663471222e-02
2.595332078635692596e-02
5.133993923664093018e-02
1.637889258563518524e-02
-2.751809312030673027e-03
1.844034157693386078e-02
-1.204305049031972885e-02
3.886172920465469360e-02
6.268337368965148926e-02
8.348293602466583252e-03
-8.366889506578445435e-02
3.490478917956352234e-02
-5.795939796371385455e-05
-2.268898673355579376e-02
-1.264519616961479187e-02
7.132387720048427582e-03
4.514789953827857971e-02
4.613740311469882727e-04
-5.031810700893402100e-02
-2.474994398653507233e-02
6.582209840416908264e-03
-4.638153593987226486e-03
-1.206036843359470367e-02
-3.857515007257461548e-02
-2.249241061508655548e-02
-1.299531850963830948e-02
-1.266742311418056488e-02
-6.649140734225511551e-03
-3.069181367754936218e-02
-6.507191061973571777e-02
2.978972718119621277e-02
3.341554198414087296e-03
8.292643353343009949e-03
-4.140953347086906433e-02
2.234156802296638489e-02
-5.298205092549324036e-02
3.254851698875427246e-02
-6.446565501391887665e-03
2.685665152966976166e-02
2.041314356029033661e-02
-2.519474737346172333e-02
-5.689700134098529816e-03
1.119584217667579651e-02
1.753046549856662750e-02
-8.681126870214939117e-03
-2.417401596903800964e-02
-4.800562746822834015e-03
-3.946095705032348633e-02
-2.928297780454158783e-02
-4.596574977040290833e-02
4.798658564686775208e-02
-3.795233322307467461e-03
-2.707403339445590973e-02
-1.411153655499219894e-02
1.641012355685234070e-02
-2.278735488653182983e-02
4.017476737499237061e-02
-2.517011202871799469e-02
5.519315600395202637e-02
-3.973552025854587555e-03
-4.878349974751472473e-02
2.448505721986293793e-02
-4.083056701347231865e-04
-2.278853766620159149e-02
-3.008012659847736359e-03
-5.066119879484176636e-02
-3.115428378805518150e-03
-4.660866409540176392e-02
1.170756644569337368e-03
-3.453369811177253723e-02
-4.067009687423706055e-02
5.810617655515670776e-02
-1.310566440224647522e-02
1.051090471446514130e-02
5.881895497441291809e-02
-4.957886785268783569e-02
-6.865238305181264877e-03
2.926628571003675461e-03
-4.750856384634971619e-02
-8.228169754147529602e-03
2.027428150177001953e-02
4.303123429417610168e-02
9.588915854692459106e-02
-1.182592194527387619e-02
1.745961979031562805e-02
3.227872401475906372e-02
-2.567803673446178436e-02
-5.701772868633270264e-02
-1.252445671707391739e-02
6.471834145486354828e-03
4.350265488028526306e-02
-2.937837131321430206e-02
1.625175029039382935e-02
-4.330535605549812317e-02
1.074670697562396526e-03
2.550318837165832520e-03
-4.002504795789718628e-02
-2.361750230193138123e-02
-1.354117318987846375e-02
2.789337001740932465e-02
2.391506172716617584e-02
3.429825231432914734e-02
1.074083056300878525e-02
-8.912849240005016327e-03
2.848694799467921257e-03
-3.639610111713409424e-02
3.527033701539039612e-02
2.419867739081382751e-02
-1.195288961753249168e-03
-3.232960356399416924e-03
1.521270908415317535e-02
3.906788304448127747e-02
-1.086466107517480850e-02
1.226665172725915909e-02
-3.339927643537521362e-02
5.704588256776332855e-03
3.028431534767150879e-02
-8.669336093589663506e-04
-2.185746654868125916e-02
3.947058692574501038e-03
6.294962763786315918e-02
7.121049612760543823e-02
-4.299362003803253174e-02
1.021156273782253265e-02
3.230053465813398361e-03
-2.055666781961917877e-02
-4.000619798898696899e-02
5.296849831938743591e-02
2.004357799887657166e-02
-1.552582066506147385e-02
1.681090146303176880e-02
2.481512166559696198e-02
2.037334069609642029e-02
2.673028595745563507e-02
-1.708195917308330536e-02
3.371033072471618652e-02
2.465829439461231232e-02
1.102617941796779633e-03
-4.267243668437004089e-03
-7.252385467290878296e-02
-2.169129066169261932e-02
-6.783713400363922119e-02
1.316944952122867107e-03
5.459998920559883118e-02
-9.700715541839599609e-03
-9.092953987419605255e-03
-6.713657826185226440e-02
-5.866305902600288391e-03
3.356220622663386166e-05
3.849126398563385010e-02
-5.554000288248062134e-02
1.009403541684150696e-01
-7.974836230278015137e-02
4.501194134354591370e-02
-1.523308921605348587e-02
1.260361517779529095e-03
1.902721938677132130e-03
1.500831730663776398e-02
-4.484529048204421997e-02
-4.031638428568840027e-02
3.365488722920417786e-02
1.023578923195600510e-02
7.203068584203720093e-02
2.999556018039584160e-04
-3.553337231278419495e-02
-4.795258492231369019e-02
-3.127795085310935974e-02
-2.113121002912521362e-02
-2.226945012807846069e-02
-3.304353728890419006e-02
1.690289936959743500e-03
-3.388955444097518921e-02
-2.619978599250316620e-02
9.197223931550979614e-02
1.258876174688339233e-03
-8.428553491830825806e-02
2.771568484604358673e-02
-9.123352356255054474e-03
-2.404769510030746460e-02
-1.702477410435676575e-02
4.038403928279876709e-02
-2.392418123781681061e-02
2.435767091810703278e-03
